19
24
28
30
31
32
34
35
37
38
39
40
49
51
53
54
56
57
60
61
62
63
66
67
68
69
72
73
75
76
78
79
82
83
85
89
93
95
97
98
100
101
103
106
107
109
110
112
113
114
115
118
119
120
122
126
130
131
132
133
134
137
138
141
142
143
147
149
151
155
159
160
161
162
166
170
171
175
179
181
183
184
185
189
191
192
193
194
195
196
197
199
201
202
204
206
207
208
210
212
213
215
216
219
220
223
224
226
228
229
233
234
237
238
239
240
241
242
245
246
249
251
253
254
255
256
260
262
263
264
268
269
270
271
272
273
275
277
279
281
283
285
288
289
290
293
294
296
298
299
300
303
304
305
306
307
308
311
312
313
314
315
316
319
320
321
322
323
325
327
329
332
333
336
339
340
343
344
345
347
348
351
352
353
354
356
358
363
367
379
380
381
391
392
393
403
404
405
415
416
417
427
428
429
439
440
441
451
452
453
463
464
465
475
476
477
487
488
489
501
502
503
513
514
515
525
526
527
537
538
539
540
550
551
552
562
563
564
574
575
576
586
587
588
598
599
600
610
611
612
625
629
630
631
632
635
636
639
640
643
650
654
655
656
657
658
659
660
667
671
672
673
676
677
681
685
686
687
688
692
696
697
701
705
706
707
708
709
710
711
712
713
714
718
721
723
725
726
730
731
732
737
740
743
745
746
747
748
749
750
752
754
755
756
760
761
762
763
764
765
766
769
770
771
773
775
776
777
778
781
782
784
786
787
788
789
792
793
794
796
798
799
800
801
804
805
808
809
810
812
814
815
820
823
824
825
829
832
835
836
839
842
843
846
847
848
849
850
854
857
860
861
862
865
868
869
871
874
877
878
879
882
883
885
886
888
889
893
894
897
898
899
902
905
906
907
908
911
912
913
914
915
916
919
921
924
926
928
929
930
933
936
937
938
941
942
945
946
948
949
950
954
955
958
959
962
965
966
969
972
973
976
980
983
986
987
988
989
990
991
994
997
998
999
1000
1001
1002
1005
1008
1009
1010
1013
1016
1017
1018
1023
1026
1029
1030
1031
1032
1035
1038
1039
1040
1041
1042
1043
1044
1045
1046
1049
1052
1053
1056
1059
1060
1064
1065
1066
1069
1070
1071
1074
1075
1077
1079
1080
1083
1084
1087
1088
1089
1090
1093
1094
1097
1098
1101
1103
1105
1106
1107
1110
1111
1112
1113
1117
1120
1121
1124
1126
1128
1129
1131
1132
1134
1135
1136
1137
1138
1141
1142
1144
1146
1147
1148
1149
1150
1152
1153
1154
1156
1157
1158
1159
1162
1163
1164
1165
1166
1167
1168
1169
1170
1173
1175
1177
1178
1180
1181
1182
1184
1185
1187
1189
1190
1193
1196
1197
1200
1203
1207
1209
1212
1214
1216
1217
1218
1219
1222
1224
1226
1227
1230
1231
1233
1235
1236
1237
1238
1239
1240
1241
1242
1243
1244
1245
1247
1249
1250
1251
1254
1255
1256
1257
1258
1261
1262
1263
1264
1265
1267
1269
1270
1271
1272
1273
1275
1277
1278
1281
1282
1283
1286
1287
1290
1292
1296
1300
1302
1303
1304
1305
1306